a0, float, 2.038500, 0.0001, 4.077000, 0.203850, 0.002
a1, float, 0.242900, 0, 0.485800, 0.024290, 0.002
a2, float, 1.305000, 0, 2.610000, 0.130500, 0.002
a3, float, 0.350300, 0, 0.700600, 0.035030, 0.002
a4, float, 2.188500, 0, 4.377000, 0.218850, 0.002
a5, float, 0.991100, 0, 1.982200, 0.099110, 0.002
a6, float, -15.270300, 0, -30.540600, -1.527030, 0.002
a7, float, -94.061699, 0, -188.123398, -9.406170, 0.002
b0, int, 9, 0, 18, 0.900000, 0.002
b1, int, 17, 0, 34, 1.700000, 0.002
c0, int, 3, 0, 6, 0.500000, 0.002
c1, int, 1, 0, 2, 0.500000, 0.002
c2, int, 100, 0, 200, 10.000000, 0.002
d0, int, 9, 0, 18, 0.900000, 0.002
d1, int, 70, 0, 140, 7.000000, 0.002
d2, int, 118, 0, 236, 11.800000, 0.002
d3, int, 25, 0, 50, 2.500000, 0.002
d4, int, 11800, 0, 23600, 1180.000000, 0.002
e0, int, 5, 0, 10, 0.500000, 0.002
e1, int, 214, 0, 428, 21.400000, 0.002
f0, int, 4, 0, 8, 0.500000, 0.002
f1, int, 4, 0, 8, 0.500000, 0.002
f2, int, 385, 0, 770, 38.500000, 0.002
f3, int, 10, 0, 20, 1.000000, 0.002
f4, int, 4, 0, 8, 0.500000, 0.002
g0, int, 172, 0, 344, 17.200000, 0.002
g1, int, 6, 0, 12, 0.600000, 0.002
h0, int, 8, 0, 16, 0.800000, 0.002
h1, int, 5, 0, 10, 0.500000, 0.002
h2, int, 2788, 0, 5576, 278.800000, 0.002
h3, int, 10, 0, 20, 1.000000, 0.002
h4, int, 81, 0, 162, 8.100000, 0.002
h5, int, 46, 0, 92, 4.600000, 0.002
i0, int, 6, 0, 12, 0.600000, 0.002
i1, int, 5, 0, 10, 0.500000, 0.002
i2, int, 48, 0, 96, 4.800000, 0.002
i3, int, 6, 0, 12, 0.600000, 0.002
i4, int, 14, 0, 28, 1.400000, 0.002
i5, int, 6, 0, 12, 0.600000, 0.002
j3, int, 69, 0, 138, 6.900000, 0.002
j4, int, 11, 0, 22, 1.100000, 0.002
j2, int, 77, 0, 154, 7.700000, 0.002
k0, int, 63, 0, 126, 6.300000, 0.002
l0, int, 4, 0, 8, 0.500000, 0.002
l1, int, 32, 0, 64, 3.200000, 0.002
l2, int, 4, 0, 8, 0.500000, 0.002
l3, int, 4, 0, 8, 0.500000, 0.002
l4, int, 4, 0, 8, 0.500000, 0.002
m0, int, 1729, 0, 3458, 172.900000, 0.002
m1, int, 4, -8, 8, 0.800000, 0.002
m2, int, 164, -328, 328, 32.800000, 0.002
m3, int, 113, -226, 226, 22.600000, 0.002
n0, int, 32, 0, 64, 3.200000, 0.002
n1, int, 16, 0, 32, 1.600000, 0.002
n2, int, 48, 0, 96, 4.800000, 0.002
o0, int, 100, 0, 200, 10.000000, 0.002
o1, int, 422, 0, 844, 42.200000, 0.002
o2, int, 422, 0, 844, 42.200000, 0.002
o3, int, 642, 0, 1284, 64.200000, 0.002
o4, int, 1015, 0, 2030, 101.500000, 0.002
p0, int, 32, 0, 64, 3.200000, 0.002
p1, int, 32, 0, 64, 3.200000, 0.002
p2, int, 32, 0, 64, 3.200000, 0.002
p3, int, 16, 0, 32, 1.600000, 0.002
p4, int, 16, 0, 32, 1.600000, 0.002
p5, int, 16384, 0, 32768, 1638.400000, 0.002
p6, int, 16384, 0, 32768, 1638.400000, 0.002